121.5145 25.105917  14 
121.507972 25.046503 14
121.513311	25.0632	 14
121.526528	25.062361 15
121.529556	25.020608 20
121.578611	25.05 15
121.529583	25.182722 7	
121.451861	24.982528 18
121.365703	25.078570 12
121.537975	25.297436 6
121.689881	25.179667 13
121.6408	25.065669 13
121.449239	25.1645 13
121.537778	24.977222 13
121.4325	25.037972 14
121.516306	25.0170	15
121.481028	25.068950 14	
121.458667	25.012972 18
121.493806	25.072611 15
120.616917	24.162197 22
120.641092	24.151958 22
120.741711	24.256586 19
120.568794	24.225628 20
120.677689	24.099611 18
120.317250	23.305633 43
120.297142	23.115097 37
120.218333	23.048333 34
120.202617	22.984581 37
120.292917	22.674861 35
120.328289	22.733667 46
120.288086	22.632567 43
120.307564	22.605386 42
120.312017	22.608711 43
120.337736	22.565833 40
120.358083	22.627392 42
120.411750	22.4795	47
120.425311	22.564136 43	
120.332631	22.689056 42
120.305689	22.757506 52
120.530542	22.883583 28
121.760056	25.129167 12
120.972075	24.805619 23
120.440833	23.462778 37
121.792928	24.632203 8
121.746394	24.747917 10
121.304417	24.995667 16
121.201811	25.060344 16
121.082761	25.035503 24
121.216350	24.863869 17
121.221667	24.953278 18
121.204981	24.954208 17
121.088903	24.740644 17
121.038653	24.900142 17
120.758833	24.382942 17
120.8202	24.565269 23
120.898572	24.696969 18
120.469061	24.131672 25
120.541519	24.0660	25
120.409653	23.925175 24	
120.967903	23.968842 21
120.685306	23.9130	24
120.677306	23.756389 29	
120.251825	23.753506 25
120.202842	23.717533 26
120.348742	23.757547 33
120.544994	23.711853 33
120.345531	23.554839 33
120.247350	23.465308 31
120.788928	21.958069 7
120.488033	22.673081 40
120.561175	22.523108 39
121.150450	22.755358 9
121.161933	23.045083 9
121.599769	23.971306 7
119.566158	23.569031 19
118.312256	24.432133 33
119.9525	26.153611 26
